title = Guatiní
color_r = 0.0588235294117647
color_g = 0.2588235294117647
color_b = 0.5058823529411765
colora_r = 0.7411764705882353
colora_g = 0.0823529411764706
colora_b = 0.1333333333333333